2 1 0 0 0 250 0 0 
2 2 0 0 0 0 250 0 
2 3 0 0 0 0 0 250 
1 15 2.3573631482178197 0.27162755697713536 2.919747930115397 -0.15612108905668853 0.7930253976703558 0.588843717977468 0.43018609463495583 -0.48205220804412285 0.7632598461222174 0.8891378574408352 0.3724733377968953 -0.2658899830681132 3004.dat
0 STEP
1 1 -16.675246395870722 11.840880550036083 -6.019612177010092 -0.15612108905668853 0.7930253976703558 0.5888437179774682 0.43018609463495583 -0.48205220804412285 0.7632598461222175 0.8891378574408352 0.3724733377968953 -0.26588998306811334 3004.dat
0 STEP
1 1 -12.34802010666293 23.77533995760782 0.2128665667171301 -0.588843717977468 0.7930253976703561 -0.1561210890566887 -0.7632598461222178 -0.4820522080441229 0.4301860946349557 0.26588998306811307 0.3724733377968953 0.8891378574408355 3004.dat
0 STEP
1 1 -19.797668177004493 20.44460244273519 11.763144971806616 0.15612108905668895 0.7930253976703557 -0.5888437179774678 -0.43018609463495516 -0.4820522080441227 -0.7632598461222178 -0.8891378574408353 0.37247333779689523 0.2658899830681126 3004.dat
0 STEP
1 1 -24.12489446621228 8.510143035163463 5.530666228079386 0.5888437179774678 0.7930253976703557 0.15612108905668903 0.7632598461222178 -0.48205220804412274 -0.4301860946349554 -0.2658899830681126 0.37247333779689534 -0.8891378574408354 3004.dat
0 STEP
1 1 -13.552824614736952 3.237158657336966 -23.802369325826795 -0.15612108905668853 0.7930253976703558 0.5888437179774682 0.43018609463495583 -0.48205220804412285 0.7632598461222175 0.8891378574408352 0.3724733377968953 -0.26588998306811334 3004.dat
0 STEP
1 1 -9.225598325529159 15.171618064908705 -17.569890582099575 -0.588843717977468 0.7930253976703561 -0.1561210890566887 -0.7632598461222178 -0.4820522080441229 0.4301860946349557 0.26588998306811307 0.3724733377968953 0.8891378574408355 3004.dat
0 STEP
1 1 -21.00247268507851 -0.09357885753565487 -12.252090920737317 0.5888437179774678 0.7930253976703557 0.15612108905668903 0.7632598461222178 -0.48205220804412274 -0.4301860946349554 -0.2658899830681126 0.37247333779689534 -0.8891378574408354 3004.dat
0 STEP
1 1 21.389972692306362 -11.297625436081812 11.859108037240885 -0.15612108905668853 0.7930253976703558 0.5888437179774682 0.43018609463495583 -0.48205220804412285 0.7632598461222175 0.8891378574408352 0.3724733377968953 -0.26588998306811334 3004.dat
0 STEP
1 1 25.71719898151416 0.6368339714899234 18.091586780968104 -0.588843717977468 0.7930253976703561 -0.1561210890566887 -0.7632598461222178 -0.4820522080441229 0.4301860946349557 0.26588998306811307 0.3724733377968953 0.8891378574408355 3004.dat
0 STEP
1 1 18.267550911172584 -2.693903543382703 29.64186518605759 0.15612108905668895 0.7930253976703557 -0.5888437179774678 -0.43018609463495516 -0.4820522080441227 -0.7632598461222178 -0.8891378574408353 0.37247333779689523 0.2658899830681126 3004.dat
0 STEP
1 1 13.940324621964798 -14.628362950954433 23.409386442330362 0.5888437179774678 0.7930253976703557 0.15612108905668903 0.7632598461222178 -0.48205220804412274 -0.4301860946349554 -0.2658899830681126 0.37247333779689534 -0.8891378574408354 3004.dat
0 STEP
1 1 24.512394473440136 -19.90134732878093 -5.923649111575818 -0.15612108905668853 0.7930253976703558 0.5888437179774682 0.43018609463495583 -0.48205220804412285 0.7632598461222175 0.8891378574408352 0.3724733377968953 -0.26588998306811334 3004.dat
0 STEP
1 1 28.839620762647932 -7.966887921209193 0.30882963215140147 -0.588843717977468 0.7930253976703561 -0.1561210890566887 -0.7632598461222178 -0.4820522080441229 0.4301860946349557 0.26588998306811307 0.3724733377968953 0.8891378574408355 3004.dat
0 STEP
1 1 17.062746403098572 -23.23208484365355 5.626629293513659 0.5888437179774678 0.7930253976703557 0.15612108905668903 0.7632598461222178 -0.48205220804412274 -0.4301860946349554 -0.2658899830681126 0.37247333779689534 -0.8891378574408354 3004.dat
0 STEP
1 2 -35.707855939959266 23.41013354309503 -14.958972284135582 -0.15612108905668853 0.7930253976703558 0.5888437179774682 0.43018609463495583 -0.48205220804412285 0.7632598461222175 0.8891378574408352 0.3724733377968953 -0.26588998306811334 3004.dat
0 STEP
1 2 -31.380629650751473 35.344592950666765 -8.72649354040836 -0.588843717977468 0.7930253976703561 -0.1561210890566887 -0.7632598461222178 -0.4820522080441229 0.4301860946349557 0.26588998306811307 0.3724733377968953 0.8891378574408355 3004.dat
0 STEP
1 2 -38.83027772109304 32.013855435794135 2.8237848646811265 0.15612108905668895 0.7930253976703557 -0.5888437179774678 -0.43018609463495516 -0.4820522080441227 -0.7632598461222178 -0.8891378574408353 0.37247333779689523 0.2658899830681126 3004.dat
0 STEP
1 2 -43.157504010300826 20.07939602822241 -3.408693879046104 0.5888437179774678 0.7930253976703557 0.15612108905668903 0.7632598461222178 -0.48205220804412274 -0.4301860946349554 -0.2658899830681126 0.37247333779689534 -0.8891378574408354 3004.dat
0 STEP
1 2 -32.58543415882549 14.806411650395914 -32.74172943295228 -0.15612108905668853 0.7930253976703558 0.5888437179774682 0.43018609463495583 -0.48205220804412285 0.7632598461222175 0.8891378574408352 0.3724733377968953 -0.26588998306811334 3004.dat
0 STEP
1 2 -28.258207869617703 26.740871057967652 -26.509250689225063 -0.588843717977468 0.7930253976703561 -0.1561210890566887 -0.7632598461222178 -0.4820522080441229 0.4301860946349557 0.26588998306811307 0.3724733377968953 0.8891378574408355 3004.dat
0 STEP
1 2 -40.03508222916705 11.475674135523292 -21.191451027862808 0.5888437179774678 0.7930253976703557 0.15612108905668903 0.7632598461222178 -0.48205220804412274 -0.4301860946349554 -0.2658899830681126 0.37247333779689534 -0.8891378574408354 3004.dat
0 STEP
1 2 6.684589437425615 12.20608696454887 9.152226673842618 -0.588843717977468 0.7930253976703561 -0.1561210890566887 -0.7632598461222178 -0.4820522080441229 0.4301860946349557 0.26588998306811307 0.3724733377968953 0.8891378574408355 3004.dat
0 STEP
1 2 -0.7650586329159561 8.875349449676245 20.702505078932102 0.15612108905668895 0.7930253976703557 -0.5888437179774678 -0.43018609463495516 -0.4820522080441227 -0.7632598461222178 -0.8891378574408353 0.37247333779689523 0.2658899830681126 3004.dat
0 STEP
1 2 -5.092284922123745 -3.059109957895485 14.470026335204874 0.5888437179774678 0.7930253976703557 0.15612108905668903 0.7632598461222178 -0.48205220804412274 -0.4301860946349554 -0.2658899830681126 0.37247333779689534 -0.8891378574408354 3004.dat
0 STEP
1 2 5.479784929351591 -8.332094335721981 -14.863009218701308 -0.15612108905668853 0.7930253976703558 0.5888437179774682 0.43018609463495583 -0.48205220804412285 0.7632598461222175 0.8891378574408352 0.3724733377968953 -0.26588998306811334 3004.dat
0 STEP
1 2 9.807011218559387 3.6023650718497544 -8.630530474974087 -0.588843717977468 0.7930253976703561 -0.1561210890566887 -0.7632598461222178 -0.4820522080441229 0.4301860946349557 0.26588998306811307 0.3724733377968953 0.8891378574408355 3004.dat
0 STEP
1 2 -1.9698631409899727 -11.662831850594602 -3.31273081361183 0.5888437179774678 0.7930253976703557 0.15612108905668903 0.7632598461222178 -0.48205220804412274 -0.4301860946349554 -0.2658899830681126 0.37247333779689534 -0.8891378574408354 3004.dat
0 STEP
1 2 -19.603755291202113 50.609789873111126 -14.044293201770618 -0.588843717977468 0.7930253976703561 -0.15612108905668878 -0.7632598461222178 -0.4820522080441229 0.43018609463495583 0.26588998306811307 0.3724733377968953 0.8891378574408357 3004.dat
0 STEP
1 2 -27.05340336154368 47.2790523582385 -2.4940147966811343 0.15612108905668903 0.793025397670356 -0.5888437179774682 -0.4301860946349554 -0.48205220804412285 -0.7632598461222182 -0.8891378574408355 0.37247333779689534 0.26588998306811285 3004.dat
0 STEP
1 2 -23.930981580409906 38.67533046553941 -20.27677194549785 -0.15612108905668964 0.7930253976703563 0.5888437179774682 0.4301860946349545 -0.48205220804412297 0.7632598461222189 0.889137857440836 0.3724733377968954 -0.26588998306811196 3004.dat
0 STEP
1 2 18.461463796974975 27.471283886993227 3.8344270124803552 -0.588843717977468 0.7930253976703561 -0.15612108905668878 -0.7632598461222178 -0.4820522080441229 0.43018609463495583 0.26588998306811307 0.3724733377968953 0.8891378574408357 3004.dat
0 STEP
1 2 11.011815726633406 24.140546372120603 15.384705417569842 0.15612108905668903 0.793025397670356 -0.5888437179774682 -0.4301860946349554 -0.48205220804412285 -0.7632598461222182 -0.8891378574408355 0.37247333779689534 0.26588998306811285 3004.dat
0 STEP
1 2 14.134237507767192 15.536824479421503 -2.3980517312468734 -0.15612108905668964 0.7930253976703563 0.5888437179774682 0.4301860946349545 -0.48205220804412297 0.7632598461222189 0.889137857440836 0.3724733377968954 -0.26588998306811196 3004.dat
0 STEP
1 2 -41.95269950222681 40.61757732849323 20.606542013497837 0.15612108905668895 0.7930253976703557 -0.5888437179774678 -0.43018609463495516 -0.4820522080441227 -0.7632598461222178 -0.8891378574408353 0.37247333779689523 0.26588998306811257 3004.dat
0 STEP
1 2 -46.2799257914346 28.683117920921507 14.374063269770613 0.5888437179774677 0.7930253976703558 0.15612108905668895 0.7632598461222178 -0.4820522080441227 -0.4301860946349553 -0.2658899830681128 0.37247333779689523 -0.8891378574408353 3004.dat
0 STEP
1 2 -34.50305143188524 43.948314843365864 9.056263608408358 -0.5888437179774679 0.7930253976703558 -0.15612108905668887 -0.7632598461222176 -0.48205220804412274 0.43018609463495544 0.26588998306811285 0.37247333779689523 0.8891378574408354 3004.dat
0 STEP
1 2 -3.887480414049735 17.47907134237535 38.48526222774881 0.15612108905668895 0.7930253976703557 -0.5888437179774678 -0.43018609463495516 -0.4820522080441227 -0.7632598461222178 -0.8891378574408353 0.37247333779689523 0.26588998306811257 3004.dat
0 STEP
1 2 -8.214706703257523 5.544611934803619 32.252783484021585 0.5888437179774677 0.7930253976703558 0.15612108905668895 0.7632598461222178 -0.4820522080441227 -0.4301860946349553 -0.2658899830681128 0.37247333779689523 -0.8891378574408353 3004.dat
0 STEP
1 2 3.562167656291834 20.809808857247972 26.93498382265933 -0.5888437179774679 0.7930253976703558 -0.15612108905668887 -0.7632598461222176 -0.48205220804412274 0.43018609463495544 0.26588998306811285 0.37247333779689523 0.8891378574408354 3004.dat
0 STEP
1 2 -54.93437836985017 4.814199105778053 1.909105782316149 0.5888437179774678 0.7930253976703557 0.15612108905668906 0.7632598461222178 -0.48205220804412274 -0.4301860946349553 -0.2658899830681126 0.37247333779689534 -0.8891378574408353 3004.dat
0 STEP
1 2 -47.484730299508605 8.144936620650682 -9.641172622773322 -0.15612108905668912 0.7930253976703557 0.5888437179774678 0.4301860946349551 -0.4820522080441228 0.7632598461222178 0.8891378574408351 0.37247333779689523 -0.2658899830681124 3004.dat
0 STEP
1 2 -50.607152080642386 16.748658513349785 8.141584526043374 0.1561210890566888 0.7930253976703558 -0.5888437179774679 -0.43018609463495555 -0.4820522080441227 -0.7632598461222176 -0.8891378574408353 0.37247333779689545 0.26588998306811296 3004.dat
0 STEP
1 2 -16.8691592816731 -18.32430688033984 19.78782599656713 0.5888437179774678 0.7930253976703557 0.15612108905668906 0.7632598461222178 -0.48205220804412274 -0.4301860946349553 -0.2658899830681126 0.37247333779689534 -0.8891378574408353 3004.dat
0 STEP
1 2 -9.419511211331528 -14.993569365467213 8.237547591477654 -0.15612108905668912 0.7930253976703557 0.5888437179774678 0.4301860946349551 -0.4820522080441228 0.7632598461222178 0.8891378574408351 0.37247333779689523 -0.2658899830681124 3004.dat
0 STEP
1 2 -12.541932992465307 -6.389847472768106 26.020304740294357 0.1561210890566888 0.7930253976703558 -0.5888437179774679 -0.43018609463495555 -0.4820522080441227 -0.7632598461222176 -0.8891378574408353 0.37247333779689545 0.26588998306811296 3004.dat
0 STEP
1 2 -29.463012377691722 6.202689757696797 -50.52448658176899 -0.15612108905668853 0.7930253976703558 0.5888437179774682 0.43018609463495583 -0.48205220804412285 0.7632598461222175 0.8891378574408352 0.3724733377968953 -0.26588998306811334 3004.dat
0 STEP
1 2 -25.135786088483933 18.137149165268536 -44.29200783804177 -0.588843717977468 0.7930253976703561 -0.1561210890566887 -0.7632598461222178 -0.4820522080441229 0.4301860946349557 0.26588998306811307 0.3724733377968953 0.8891378574408355 3004.dat
0 STEP
1 2 -36.91266044803328 2.871952242824176 -38.97420817667951 0.5888437179774678 0.7930253976703557 0.15612108905668903 0.7632598461222178 -0.48205220804412274 -0.4301860946349554 -0.2658899830681126 0.37247333779689534 -0.8891378574408354 3004.dat
0 STEP
1 2 8.602206710485362 -16.935816228421096 -32.645766367518014 -0.15612108905668853 0.7930253976703558 0.5888437179774682 0.43018609463495583 -0.48205220804412285 0.7632598461222175 0.8891378574408352 0.3724733377968953 -0.26588998306811334 3004.dat
0 STEP
1 2 12.929432999693157 -5.001356820849362 -26.413287623790794 -0.588843717977468 0.7930253976703561 -0.1561210890566887 -0.7632598461222178 -0.4820522080441229 0.4301860946349557 0.26588998306811307 0.3724733377968953 0.8891378574408355 3004.dat
0 STEP
1 2 1.1525586401437975 -20.26655374329372 -21.095487962428535 0.5888437179774678 0.7930253976703557 0.15612108905668903 0.7632598461222178 -0.48205220804412274 -0.4301860946349554 -0.2658899830681126 0.37247333779689534 -0.8891378574408354 3004.dat
0 STEP
1 2 -16.481333510068346 42.00606798041201 -31.82705035058732 -0.588843717977468 0.7930253976703561 -0.15612108905668878 -0.7632598461222178 -0.4820522080441229 0.43018609463495583 0.26588998306811307 0.3724733377968953 0.8891378574408357 3004.dat
0 STEP
1 2 -20.808559799276136 30.071608572840287 -38.059529094314556 -0.15612108905668964 0.7930253976703563 0.5888437179774682 0.4301860946349545 -0.48205220804412297 0.7632598461222189 0.889137857440836 0.3724733377968954 -0.26588998306811196 3004.dat
0 STEP
1 2 21.58388557810875 18.86756199429411 -13.948330136336349 -0.588843717977468 0.7930253976703561 -0.15612108905668878 -0.7632598461222178 -0.4820522080441229 0.43018609463495583 0.26588998306811307 0.3724733377968953 0.8891378574408357 3004.dat
0 STEP
1 2 17.256659288900963 6.933102586722386 -20.18080888006358 -0.15612108905668964 0.7930253976703563 0.5888437179774682 0.4301860946349545 -0.48205220804412297 0.7632598461222189 0.889137857440836 0.3724733377968954 -0.26588998306811196 3004.dat
0 STEP
1 2 -51.8119565887164 -3.789522786921064 -15.873651366500553 0.5888437179774678 0.7930253976703557 0.15612108905668906 0.7632598461222178 -0.48205220804412274 -0.4301860946349553 -0.2658899830681126 0.37247333779689534 -0.8891378574408353 3004.dat
0 STEP
1 2 -44.36230851837483 -0.458785272048436 -27.423929771590025 -0.15612108905668912 0.7930253976703557 0.5888437179774678 0.4301860946349551 -0.4820522080441228 0.7632598461222178 0.8891378574408351 0.37247333779689523 -0.2658899830681124 3004.dat
0 STEP
1 2 -13.746737500539329 -26.928028773038957 2.0050688477504264 0.5888437179774678 0.7930253976703557 0.15612108905668906 0.7632598461222178 -0.48205220804412274 -0.4301860946349553 -0.2658899830681126 0.37247333779689534 -0.8891378574408353 3004.dat
0 STEP
1 2 -6.297089430197758 -23.59729125816633 -9.54520955733905 -0.15612108905668912 0.7930253976703557 0.5888437179774678 0.4301860946349551 -0.4820522080441228 0.7632598461222178 0.8891378574408351 0.37247333779689523 -0.2658899830681124 3004.dat
0 STEP
1 2 40.4225822363949 -22.866878429140762 20.798468144366375 -0.15612108905668853 0.7930253976703558 0.5888437179774682 0.43018609463495583 -0.48205220804412285 0.7632598461222175 0.8891378574408352 0.3724733377968953 -0.26588998306811334 3004.dat
0 STEP
1 2 44.7498085256027 -10.932419021569025 27.030946888093595 -0.588843717977468 0.7930253976703561 -0.1561210890566887 -0.7632598461222178 -0.4820522080441229 0.4301860946349557 0.26588998306811307 0.3724733377968953 0.8891378574408355 3004.dat
0 STEP
1 2 37.30016045526113 -14.263156536441652 38.58122529318308 0.15612108905668895 0.7930253976703557 -0.5888437179774678 -0.43018609463495516 -0.4820522080441227 -0.7632598461222178 -0.8891378574408353 0.37247333779689523 0.2658899830681126 3004.dat
0 STEP
1 2 32.97293416605334 -26.197615944013382 32.34874654945585 0.5888437179774678 0.7930253976703557 0.15612108905668903 0.7632598461222178 -0.48205220804412274 -0.4301860946349554 -0.2658899830681126 0.37247333779689534 -0.8891378574408354 3004.dat
0 STEP
1 2 43.54500401752867 -31.470600321839875 3.0157109955496697 -0.15612108905668853 0.7930253976703558 0.5888437179774682 0.43018609463495583 -0.48205220804412285 0.7632598461222175 0.8891378574408352 0.3724733377968953 -0.26588998306811334 3004.dat
0 STEP
1 2 47.87223030673647 -19.536140914268138 9.24818973927689 -0.588843717977468 0.7930253976703561 -0.1561210890566887 -0.7632598461222178 -0.4820522080441229 0.4301860946349557 0.26588998306811307 0.3724733377968953 0.8891378574408355 3004.dat
0 STEP
1 2 36.09535594718711 -34.80133783671249 14.565989400639147 0.5888437179774678 0.7930253976703557 0.15612108905668903 0.7632598461222178 -0.48205220804412274 -0.4301860946349554 -0.2658899830681126 0.37247333779689534 -0.8891378574408354 3004.dat
0 STEP
1 2 56.52668288515207 4.332777900875329 21.71314722673133 -0.588843717977468 0.7930253976703561 -0.15612108905668878 -0.7632598461222178 -0.4820522080441229 0.43018609463495583 0.26588998306811307 0.3724733377968953 0.8891378574408357 3004.dat
0 STEP
1 2 49.077034814810496 1.0020403860027054 33.263425631820816 0.15612108905668903 0.793025397670356 -0.5888437179774682 -0.4301860946349554 -0.48205220804412285 -0.7632598461222182 -0.8891378574408355 0.37247333779689534 0.26588998306811285 3004.dat
0 STEP
1 2 52.199456595944284 -7.601681506696394 15.480668483004102 -0.15612108905668964 0.7930253976703563 0.5888437179774682 0.4301860946349545 -0.48205220804412297 0.7632598461222189 0.889137857440836 0.3724733377968954 -0.26588998306811196 3004.dat
0 STEP
1 2 34.17773867412734 -5.659434643742545 56.36398244199978 0.15612108905668895 0.7930253976703557 -0.5888437179774678 -0.43018609463495516 -0.4820522080441227 -0.7632598461222178 -0.8891378574408353 0.37247333779689523 0.26588998306811257 3004.dat
0 STEP
1 2 29.850512384919554 -17.593894051314273 50.13150369827255 0.5888437179774677 0.7930253976703558 0.15612108905668895 0.7632598461222178 -0.4820522080441227 -0.4301860946349553 -0.2658899830681128 0.37247333779689523 -0.8891378574408353 3004.dat
0 STEP
1 2 41.62738674446891 -2.328697128869919 44.813704036910295 -0.5888437179774679 0.7930253976703558 -0.15612108905668887 -0.7632598461222176 -0.48205220804412274 0.43018609463495544 0.26588998306811285 0.37247333779689523 0.8891378574408354 3004.dat
0 STEP
1 2 21.196059806503982 -41.46281286645774 37.666546210818105 0.5888437179774678 0.7930253976703557 0.15612108905668906 0.7632598461222178 -0.48205220804412274 -0.4301860946349553 -0.2658899830681126 0.37247333779689534 -0.8891378574408353 3004.dat
0 STEP
1 2 28.64570787684555 -38.13207535158511 26.11626780572863 -0.15612108905668912 0.7930253976703557 0.5888437179774678 0.4301860946349551 -0.4820522080441228 0.7632598461222178 0.8891378574408351 0.37247333779689523 -0.2658899830681124 3004.dat
0 STEP
1 2 25.52328609571177 -29.528353458886002 43.89902495454533 0.1561210890566888 0.7930253976703558 -0.5888437179774679 -0.43018609463495555 -0.4820522080441227 -0.7632598461222176 -0.8891378574408353 0.37247333779689545 0.26588998306811296 3004.dat
0 STEP
1 2 46.66742579866245 -40.074322214538995 -14.767046153267033 -0.15612108905668853 0.7930253976703558 0.5888437179774682 0.43018609463495583 -0.48205220804412285 0.7632598461222175 0.8891378574408352 0.3724733377968953 -0.26588998306811334 3004.dat
0 STEP
1 2 50.99465208787025 -28.13986280696726 -8.534567409539813 -0.588843717977468 0.7930253976703561 -0.1561210890566887 -0.7632598461222178 -0.4820522080441229 0.4301860946349557 0.26588998306811307 0.3724733377968953 0.8891378574408355 3004.dat
0 STEP
1 2 39.21777772832089 -43.40505972941162 -3.216767748177556 0.5888437179774678 0.7930253976703557 0.15612108905668903 0.7632598461222178 -0.48205220804412274 -0.4301860946349554 -0.2658899830681126 0.37247333779689534 -0.8891378574408354 3004.dat
0 STEP
1 2 59.64910466628584 -4.2709439918237875 3.930390077914627 -0.588843717977468 0.7930253976703561 -0.15612108905668878 -0.7632598461222178 -0.4820522080441229 0.43018609463495583 0.26588998306811307 0.3724733377968953 0.8891378574408357 3004.dat
0 STEP
1 2 55.32187837707805 -16.20540339939551 -2.302088665812602 -0.15612108905668964 0.7930253976703563 0.5888437179774682 0.4301860946349545 -0.48205220804412297 0.7632598461222189 0.889137857440836 0.3724733377968954 -0.26588998306811196 3004.dat
0 STEP
1 2 24.318481587637756 -50.06653475915685 19.8837890620014 0.5888437179774678 0.7930253976703557 0.15612108905668906 0.7632598461222178 -0.48205220804412274 -0.4301860946349553 -0.2658899830681126 0.37247333779689534 -0.8891378574408353 3004.dat
0 STEP
1 2 31.768129657979323 -46.73579724428423 8.333510656911926 -0.15612108905668912 0.7930253976703557 0.5888437179774678 0.4301860946349551 -0.4820522080441228 0.7632598461222178 0.8891378574408351 0.37247333779689523 -0.2658899830681124 3004.dat
0 STEP
1 3 -54.7404654840478 34.979386536153974 -23.89833239126107 -0.15612108905668853 0.7930253976703558 0.5888437179774682 0.43018609463495583 -0.48205220804412285 0.7632598461222175 0.8891378574408352 0.3724733377968953 -0.26588998306811334 3004.dat
0 STEP
1 3 -50.41323919484002 46.91384594372572 -17.66585364753385 -0.588843717977468 0.7930253976703561 -0.1561210890566887 -0.7632598461222178 -0.4820522080441229 0.4301860946349557 0.26588998306811307 0.3724733377968953 0.8891378574408355 3004.dat
0 STEP
1 3 -57.86288726518158 43.58310842885308 -6.115575242444363 0.15612108905668895 0.7930253976703557 -0.5888437179774678 -0.43018609463495516 -0.4820522080441227 -0.7632598461222178 -0.8891378574408353 0.37247333779689523 0.2658899830681126 3004.dat
0 STEP
1 3 -62.19011355438936 31.648649021281354 -12.348053986171593 0.5888437179774678 0.7930253976703557 0.15612108905668903 0.7632598461222178 -0.48205220804412274 -0.4301860946349554 -0.2658899830681126 0.37247333779689534 -0.8891378574408354 3004.dat
0 STEP
1 3 -51.618043702914036 26.37566464345486 -41.68108954007778 -0.15612108905668853 0.7930253976703558 0.5888437179774682 0.43018609463495583 -0.48205220804412285 0.7632598461222175 0.8891378574408352 0.3724733377968953 -0.26588998306811334 3004.dat
0 STEP
1 3 -47.29081741370625 38.3101240510266 -35.44861079635055 -0.588843717977468 0.7930253976703561 -0.1561210890566887 -0.7632598461222178 -0.4820522080441229 0.4301860946349557 0.26588998306811307 0.3724733377968953 0.8891378574408355 3004.dat
0 STEP
1 3 -59.067691773255596 23.044927128582238 -30.130811134988296 0.5888437179774678 0.7930253976703557 0.15612108905668903 0.7632598461222178 -0.48205220804412274 -0.4301860946349554 -0.2658899830681126 0.37247333779689534 -0.8891378574408354 3004.dat
0 STEP
1 3 -38.636364835290664 62.179042866170064 -22.98365330889611 -0.588843717977468 0.7930253976703561 -0.15612108905668878 -0.7632598461222178 -0.4820522080441229 0.43018609463495583 0.26588998306811307 0.3724733377968953 0.8891378574408357 3004.dat
0 STEP
1 3 -46.08601290563223 58.84830535129744 -11.433374903806623 0.15612108905668903 0.793025397670356 -0.5888437179774682 -0.4301860946349554 -0.48205220804412285 -0.7632598461222182 -0.8891378574408355 0.37247333779689534 0.26588998306811285 3004.dat
0 STEP
1 3 -42.96359112449845 50.24458345859835 -29.216132052623337 -0.15612108905668964 0.7930253976703563 0.5888437179774682 0.4301860946349545 -0.48205220804412297 0.7632598461222189 0.889137857440836 0.3724733377968954 -0.26588998306811196 3004.dat
0 STEP
1 3 -0.571145747113567 39.04053688005217 -5.104933094645134 -0.588843717977468 0.7930253976703561 -0.15612108905668878 -0.7632598461222178 -0.4820522080441229 0.43018609463495583 0.26588998306811307 0.3724733377968953 0.8891378574408357 3004.dat
0 STEP
1 3 -8.020793817455138 35.70979936517955 6.4453453104443525 0.15612108905668903 0.793025397670356 -0.5888437179774682 -0.4301860946349554 -0.48205220804412285 -0.7632598461222182 -0.8891378574408355 0.37247333779689534 0.26588998306811285 3004.dat
0 STEP
1 3 -4.8983720363213505 27.10607747248045 -11.337411838372363 -0.15612108905668964 0.7930253976703563 0.5888437179774682 0.4301860946349545 -0.48205220804412297 0.7632598461222189 0.889137857440836 0.3724733377968954 -0.26588998306811196 3004.dat
0 STEP
1 3 -60.98530904631536 52.18683032155218 11.667181906372347 0.15612108905668895 0.7930253976703557 -0.5888437179774678 -0.43018609463495516 -0.4820522080441227 -0.7632598461222178 -0.8891378574408353 0.37247333779689523 0.26588998306811257 3004.dat
0 STEP
1 3 -65.31253533552315 40.25237091398045 5.434703162645121 0.5888437179774677 0.7930253976703558 0.15612108905668895 0.7632598461222178 -0.4820522080441227 -0.4301860946349553 -0.2658899830681128 0.37247333779689523 -0.8891378574408353 3004.dat
0 STEP
1 3 -53.53566097597379 55.51756783642481 0.11690350128286653 -0.5888437179774679 0.7930253976703558 -0.15612108905668887 -0.7632598461222176 -0.48205220804412274 0.43018609463495544 0.26588998306811285 0.37247333779689523 0.8891378574408354 3004.dat
0 STEP
1 3 -22.920089958138284 29.04832433543429 29.54590212062332 0.15612108905668895 0.7930253976703557 -0.5888437179774678 -0.43018609463495516 -0.4820522080441227 -0.7632598461222178 -0.8891378574408353 0.37247333779689523 0.26588998306811257 3004.dat
0 STEP
1 3 -27.24731624734607 17.113864927862565 23.313423376896093 0.5888437179774677 0.7930253976703558 0.15612108905668895 0.7632598461222178 -0.4820522080441227 -0.4301860946349553 -0.2658899830681128 0.37247333779689523 -0.8891378574408353 3004.dat
0 STEP
1 3 -15.470441887796714 32.37906185030692 17.99562371553384 -0.5888437179774679 0.7930253976703558 -0.15612108905668887 -0.7632598461222176 -0.48205220804412274 0.43018609463495544 0.26588998306811285 0.37247333779689523 0.8891378574408354 3004.dat
0 STEP
1 3 -73.96698791393871 16.383452098836997 -7.03025432480934 0.5888437179774678 0.7930253976703557 0.15612108905668906 0.7632598461222178 -0.48205220804412274 -0.4301860946349553 -0.2658899830681126 0.37247333779689534 -0.8891378574408353 3004.dat
0 STEP
1 3 -66.51733984359714 19.714189613709628 -18.58053272989881 -0.15612108905668912 0.7930253976703557 0.5888437179774678 0.4301860946349551 -0.4820522080441228 0.7632598461222178 0.8891378574408351 0.37247333779689523 -0.2658899830681124 3004.dat
0 STEP
1 3 -69.63976162473094 28.31791150640873 -0.797775581082115 0.1561210890566888 0.7930253976703558 -0.5888437179774679 -0.43018609463495555 -0.4820522080441227 -0.7632598461222176 -0.8891378574408353 0.37247333779689545 0.26588998306811296 3004.dat
0 STEP
1 3 -35.90176882576164 -6.755053887280894 10.84846588944164 0.5888437179774678 0.7930253976703557 0.15612108905668906 0.7632598461222178 -0.48205220804412274 -0.4301860946349553 -0.2658899830681126 0.37247333779689534 -0.8891378574408353 3004.dat
0 STEP
1 3 -28.452120755420076 -3.424316372408267 -0.7018125156478368 -0.15612108905668912 0.7930253976703557 0.5888437179774678 0.4301860946349551 -0.4820522080441228 0.7632598461222178 0.8891378574408351 0.37247333779689523 -0.2658899830681124 3004.dat
0 STEP
1 3 -31.574542536553853 5.17940552029084 17.080944633168865 0.1561210890566888 0.7930253976703558 -0.5888437179774679 -0.43018609463495555 -0.4820522080441227 -0.7632598461222176 -0.8891378574408353 0.37247333779689545 0.26588998306811296 3004.dat
0 STEP
1 3 -48.49562192178026 17.771942750755745 -59.46384668889448 -0.15612108905668853 0.7930253976703558 0.5888437179774682 0.43018609463495583 -0.48205220804412285 0.7632598461222175 0.8891378574408352 0.3724733377968953 -0.26588998306811334 3004.dat
0 STEP
1 3 -44.16839563257247 29.706402158327485 -53.23136794516726 -0.588843717977468 0.7930253976703561 -0.1561210890566887 -0.7632598461222178 -0.4820522080441229 0.4301860946349557 0.26588998306811307 0.3724733377968953 0.8891378574408355 3004.dat
0 STEP
1 3 -55.94526999212182 14.441205235883125 -47.913568283805 0.5888437179774678 0.7930253976703557 0.15612108905668903 0.7632598461222178 -0.48205220804412274 -0.4301860946349554 -0.2658899830681126 0.37247333779689534 -0.8891378574408354 3004.dat
0 STEP
1 3 -10.430402833603178 -5.36656323536215 -41.5851264746435 -0.15612108905668853 0.7930253976703558 0.5888437179774682 0.43018609463495583 -0.48205220804412285 0.7632598461222175 0.8891378574408352 0.3724733377968953 -0.26588998306811334 3004.dat
0 STEP
1 3 -6.103176544395383 6.567896172209585 -35.35264773091628 -0.588843717977468 0.7930253976703561 -0.1561210890566887 -0.7632598461222178 -0.4820522080441229 0.4301860946349557 0.26588998306811307 0.3724733377968953 0.8891378574408355 3004.dat
0 STEP
1 3 -17.880050903944742 -8.69730075023477 -30.034848069554023 0.5888437179774678 0.7930253976703557 0.15612108905668903 0.7632598461222178 -0.48205220804412274 -0.4301860946349554 -0.2658899830681126 0.37247333779689534 -0.8891378574408354 3004.dat
0 STEP
1 3 -35.51394305415688 53.57532097347095 -40.76641045771281 -0.588843717977468 0.7930253976703561 -0.15612108905668878 -0.7632598461222178 -0.4820522080441229 0.43018609463495583 0.26588998306811307 0.3724733377968953 0.8891378574408357 3004.dat
0 STEP
1 3 -39.841169343364676 41.640861565899236 -46.998889201440036 -0.15612108905668964 0.7930253976703563 0.5888437179774682 0.4301860946349545 -0.48205220804412297 0.7632598461222189 0.889137857440836 0.3724733377968954 -0.26588998306811196 3004.dat
0 STEP
1 3 2.551276034020203 30.43681498735306 -22.88769024346184 -0.588843717977468 0.7930253976703561 -0.15612108905668878 -0.7632598461222178 -0.4820522080441229 0.43018609463495583 0.26588998306811307 0.3724733377968953 0.8891378574408357 3004.dat
0 STEP
1 3 -1.7759502551875803 18.502355579781337 -29.120168987189068 -0.15612108905668964 0.7930253976703563 0.5888437179774682 0.4301860946349545 -0.48205220804412297 0.7632598461222189 0.889137857440836 0.3724733377968954 -0.26588998306811196 3004.dat
0 STEP
1 3 -70.84456613280494 7.779730206137883 -24.813011473626045 0.5888437179774678 0.7930253976703557 0.15612108905668906 0.7632598461222178 -0.48205220804412274 -0.4301860946349553 -0.2658899830681126 0.37247333779689534 -0.8891378574408353 3004.dat
0 STEP
1 3 -63.394918062463375 11.110467721010512 -36.36328987871552 -0.15612108905668912 0.7930253976703557 0.5888437179774678 0.4301860946349551 -0.4820522080441228 0.7632598461222178 0.8891378574408351 0.37247333779689523 -0.2658899830681124 3004.dat
0 STEP
1 3 -32.77934704462787 -15.35877577998001 -6.934291259375065 0.5888437179774678 0.7930253976703557 0.15612108905668906 0.7632598461222178 -0.48205220804412274 -0.4301860946349553 -0.2658899830681126 0.37247333779689534 -0.8891378574408353 3004.dat
0 STEP
1 3 -25.329698974286302 -12.028038265107384 -18.48456966446454 -0.15612108905668912 0.7930253976703557 0.5888437179774678 0.4301860946349551 -0.4820522080441228 0.7632598461222178 0.8891378574408351 0.37247333779689523 -0.2658899830681124 3004.dat
0 STEP
1 3 37.49407334106352 15.902030893934278 12.773787119605844 -0.588843717977468 0.7930253976703561 -0.15612108905668878 -0.7632598461222178 -0.4820522080441229 0.43018609463495583 0.26588998306811307 0.3724733377968953 0.8891378574408357 3004.dat
0 STEP
1 3 30.04442527072195 12.571293379061654 24.324065524695328 0.15612108905668903 0.793025397670356 -0.5888437179774682 -0.4301860946349554 -0.48205220804412285 -0.7632598461222182 -0.8891378574408355 0.37247333779689534 0.26588998306811285 3004.dat
0 STEP
1 3 33.16684705185574 3.9675714863625533 6.541308375878614 -0.15612108905668964 0.7930253976703563 0.5888437179774682 0.4301860946349545 -0.48205220804412297 0.7632598461222189 0.889137857440836 0.3724733377968954 -0.26588998306811196 3004.dat
0 STEP
1 3 15.145129130038802 5.909818349316403 47.4246223348743 0.15612108905668895 0.7930253976703557 -0.5888437179774678 -0.43018609463495516 -0.4820522080441227 -0.7632598461222178 -0.8891378574408353 0.37247333779689523 0.26588998306811257 3004.dat
0 STEP
1 3 10.817902840831014 -6.024641058255325 41.19214359114707 0.5888437179774677 0.7930253976703558 0.15612108905668895 0.7632598461222178 -0.4820522080441227 -0.4301860946349553 -0.2658899830681128 0.37247333779689523 -0.8891378574408353 3004.dat
0 STEP
1 3 22.59477720038037 9.240555864189028 35.874343929784814 -0.5888437179774679 0.7930253976703558 -0.15612108905668887 -0.7632598461222176 -0.48205220804412274 0.43018609463495544 0.26588998306811285 0.37247333779689523 0.8891378574408354 3004.dat
0 STEP
1 3 2.163450262415436 -29.89355987339879 28.727186103692617 0.5888437179774678 0.7930253976703557 0.15612108905668906 0.7632598461222178 -0.48205220804412274 -0.4301860946349553 -0.2658899830681126 0.37247333779689534 -0.8891378574408353 3004.dat
0 STEP
1 3 9.613098332757005 -26.562822358526162 17.17690769860314 -0.15612108905668912 0.7930253976703557 0.5888437179774678 0.4301860946349551 -0.4820522080441228 0.7632598461222178 0.8891378574408351 0.37247333779689523 -0.2658899830681124 3004.dat
0 STEP
1 3 6.490676551623226 -17.959100465827056 34.959664847419845 0.1561210890566888 0.7930253976703558 -0.5888437179774679 -0.43018609463495555 -0.4820522080441227 -0.7632598461222176 -0.8891378574408353 0.37247333779689545 0.26588998306811296 3004.dat
0 STEP
1 3 27.634816254573906 -28.505069221480046 -23.706406260392523 -0.15612108905668853 0.7930253976703558 0.5888437179774682 0.43018609463495583 -0.48205220804412285 0.7632598461222175 0.8891378574408352 0.3724733377968953 -0.26588998306811334 3004.dat
0 STEP
1 3 31.9620425437817 -16.57060981390831 -17.473927516665302 -0.588843717977468 0.7930253976703561 -0.1561210890566887 -0.7632598461222178 -0.4820522080441229 0.4301860946349557 0.26588998306811307 0.3724733377968953 0.8891378574408355 3004.dat
0 STEP
1 3 20.185168184232342 -31.835806736352666 -12.156127855303046 0.5888437179774678 0.7930253976703557 0.15612108905668903 0.7632598461222178 -0.48205220804412274 -0.4301860946349554 -0.2658899830681126 0.37247333779689534 -0.8891378574408354 3004.dat
0 STEP
1 3 40.61649512219729 7.29830900123516 -5.008970029210862 -0.588843717977468 0.7930253976703561 -0.15612108905668878 -0.7632598461222178 -0.4820522080441229 0.43018609463495583 0.26588998306811307 0.3724733377968953 0.8891378574408357 3004.dat
0 STEP
1 3 36.28926883298951 -4.636150406336563 -11.24144877293809 -0.15612108905668964 0.7930253976703563 0.5888437179774682 0.4301860946349545 -0.48205220804412297 0.7632598461222189 0.889137857440836 0.3724733377968954 -0.26588998306811196 3004.dat
0 STEP
1 3 5.285872043549207 -38.4972817660979 10.944428954875912 0.5888437179774678 0.7930253976703557 0.15612108905668906 0.7632598461222178 -0.48205220804412274 -0.4301860946349553 -0.2658899830681126 0.37247333779689534 -0.8891378574408353 3004.dat
0 STEP
1 3 12.735520113890777 -35.166544251225275 -0.6058494502135634 -0.15612108905668912 0.7930253976703557 0.5888437179774678 0.4301860946349551 -0.4820522080441228 0.7632598461222178 0.8891378574408351 0.37247333779689523 -0.2658899830681124 3004.dat
0 STEP
1 3 -26.859490475741296 77.44423978861442 -28.301452970258367 -0.588843717977468 0.7930253976703561 -0.15612108905668878 -0.7632598461222178 -0.4820522080441229 0.43018609463495583 0.26588998306811307 0.3724733377968953 0.8891378574408357 3004.dat
0 STEP
1 3 -34.30913854608286 74.1135022737418 -16.75117456516888 0.15612108905668903 0.793025397670356 -0.5888437179774682 -0.4301860946349554 -0.48205220804412285 -0.7632598461222182 -0.8891378574408355 0.37247333779689534 0.26588998306811285 3004.dat
0 STEP
1 3 -31.18671676494909 65.5097803810427 -34.533931713985595 -0.15612108905668964 0.7930253976703563 0.5888437179774682 0.4301860946349545 -0.48205220804412297 0.7632598461222189 0.889137857440836 0.3724733377968954 -0.26588998306811196 3004.dat
0 STEP
1 3 11.205728612435793 54.30573380249653 -10.422732756007392 -0.588843717977468 0.7930253976703561 -0.15612108905668878 -0.7632598461222178 -0.4820522080441229 0.43018609463495583 0.26588998306811307 0.3724733377968953 0.8891378574408357 3004.dat
0 STEP
1 3 3.756080542094222 50.97499628762391 1.1275456490820943 0.15612108905668903 0.793025397670356 -0.5888437179774682 -0.4301860946349554 -0.48205220804412285 -0.7632598461222182 -0.8891378574408355 0.37247333779689534 0.26588998306811285 3004.dat
0 STEP
1 3 6.87850232322801 42.37127439492481 -16.65521149973462 -0.15612108905668964 0.7930253976703563 0.5888437179774682 0.4301860946349545 -0.48205220804412297 0.7632598461222189 0.889137857440836 0.3724733377968954 -0.26588998306811196 3004.dat
0 STEP
1 3 -49.208434686766 67.45202724399655 6.349382245010086 0.15612108905668903 0.793025397670356 -0.5888437179774682 -0.4301860946349554 -0.48205220804412285 -0.7632598461222182 -0.8891378574408355 0.37247333779689534 0.26588998306811273 3004.dat
0 STEP
1 3 -41.75878661642443 70.78276475886919 -5.20089616007938 -0.5888437179774679 0.793025397670356 -0.15612108905669 -0.7632598461222186 -0.482052208044123 0.4301860946349543 0.2658899830681112 0.3724733377968954 0.8891378574408363 3004.dat
0 STEP
1 3 -11.143215598588919 44.31352125787866 24.228102459261066 0.15612108905668903 0.793025397670356 -0.5888437179774682 -0.4301860946349554 -0.48205220804412285 -0.7632598461222182 -0.8891378574408355 0.37247333779689534 0.26588998306811273 3004.dat
0 STEP
1 3 -3.6935675282473497 47.64425877275129 12.677824054171598 -0.5888437179774679 0.793025397670356 -0.15612108905669 -0.7632598461222186 -0.482052208044123 0.4301860946349543 0.2658899830681112 0.3724733377968954 0.8891378574408363 3004.dat
0 STEP
1 3 49.27094770061288 31.167227816378634 7.455987458243581 -0.588843717977468 0.7930253976703561 -0.15612108905668878 -0.7632598461222178 -0.4820522080441229 0.43018609463495583 0.26588998306811307 0.3724733377968953 0.8891378574408357 3004.dat
0 STEP
1 3 41.821299630271305 27.83649030150601 19.00626586333307 0.15612108905668903 0.793025397670356 -0.5888437179774682 -0.4301860946349554 -0.48205220804412285 -0.7632598461222182 -0.8891378574408355 0.37247333779689534 0.26588998306811285 3004.dat
0 STEP
1 3 44.94372141140509 19.232768408806912 1.2235087145163526 -0.15612108905668964 0.7930253976703563 0.5888437179774682 0.4301860946349545 -0.48205220804412297 0.7632598461222189 0.889137857440836 0.3724733377968954 -0.26588998306811196 3004.dat
0 STEP
1 3 26.922003489588164 21.175015271760763 42.10682267351204 0.15612108905668903 0.793025397670356 -0.5888437179774682 -0.4301860946349554 -0.48205220804412285 -0.7632598461222182 -0.8891378574408355 0.37247333779689534 0.26588998306811273 3004.dat
0 STEP
1 3 34.37165155992973 24.505752786633394 30.556544268422577 -0.5888437179774679 0.793025397670356 -0.15612108905669 -0.7632598461222186 -0.482052208044123 0.4301860946349543 0.2658899830681112 0.3724733377968954 0.8891378574408363 3004.dat
0 STEP
1 3 -64.10773082744913 60.79055221425128 29.449939055189056 0.15612108905668895 0.7930253976703557 -0.5888437179774678 -0.43018609463495516 -0.4820522080441227 -0.7632598461222178 -0.8891378574408353 0.37247333779689523 0.26588998306811257 3004.dat
0 STEP
1 3 -68.43495711665692 48.85609280667955 23.21746031146183 0.5888437179774677 0.7930253976703558 0.15612108905668895 0.7632598461222178 -0.4820522080441227 -0.4301860946349553 -0.2658899830681128 0.37247333779689523 -0.8891378574408353 3004.dat
0 STEP
1 3 -56.65808275710756 64.1212897291239 17.899660650099577 -0.5888437179774679 0.7930253976703558 -0.15612108905668887 -0.7632598461222176 -0.48205220804412274 0.43018609463495544 0.26588998306811285 0.37247333779689523 0.8891378574408354 3004.dat
0 STEP
1 3 -26.04251173927205 37.652046228133386 47.32865926944003 0.15612108905668895 0.7930253976703557 -0.5888437179774678 -0.43018609463495516 -0.4820522080441227 -0.7632598461222178 -0.8891378574408353 0.37247333779689523 0.26588998306811257 3004.dat
0 STEP
